0,461
0,460
0,459
0,458
0,457
0,456
0,455
0,454
59,52
59,51
59,50
59,49
59,48
59,47
59,46
59,45
59,44
59,43
59,42
59,41
59,40
59,39
59,38
59,37
59,36
59,35
0,453
0,452
0,451
0,450
0,449
0,448
0,447
0,446
0,445
0,444
0,443
0,442
66,6
0,441
0,440
0,439
0,438
0,437
0,436
0,435
0,434
0,433
0,432
0,431
0,430
0,429
0,428
0,427
66,5
66,4
66,3
66,2
0,426
0,425
66,1
66,0
0,424
0,423
0,422
0,421
0,420
0,419
0,418
0,417
0,416
65,4
65,3
65,2
65,1
65,0
64,3
64,2
64,1
64,0
28,2
0,415
63,6
0,414
0,413
0,412
63,5
63,4
63,3
63,2
63,1
63,0
0,278
0,411
0,386
0,273
0,270
62,4
62,3
62,2
62,1
62,0
61,3
61,2
61,1
61,0
60,3
